-1.35  1.85     1 
 0.78 -1.30    -1 
-1.76  0.77     1 
 1.71  0.24    -1 
 0.95  2.69     1 
 0.82 -0.57    -1 
 0.01  1.90     1 
 2.46  0.37    -1 
-0.06  1.91     1 
 1.81 -0.34    -1 
 0.15  2.42     1 
 1.84 -0.63    -1 
-0.40  1.33     1 
 2.70  1.13    -1 
 0.93  2.74     1 
 2.65 -0.18    -1 
-0.03  1.94     1 
 0.94 -0.47    -1 
-0.46  0.97     1 
 3.56  2.17    -1 
-0.29  2.81     1 
 3.37  0.22    -1 
 0.24  2.54     1 
 1.95 -0.06    -1 
 1.29  3.18     1 
 1.22 -1.04    -1 
-0.92  1.21     1 
 2.14  0.02    -1 
-1.70  0.75     1 
 1.96  1.01    -1 
-1.28  0.99     1 
 1.63 -0.66    -1 
 0.27  3.28     1 
 2.12 -0.37    -1 
 0.05  1.77     1 
 2.69  1.15    -1 
 1.11  2.60     1 
 3.29  1.20    -1 
 1.29  3.35     1 
 1.67 -0.39    -1 
-0.20  1.84     1 
 2.04 -0.99    -1 
-0.93  2.04     1 
 0.47 -0.24    -1 
-1.12  0.44     1 
 0.28 -1.47    -1 
-0.35  2.37     1 
 2.83  0.87    -1 
-1.71  1.87     1 
 2.56  0.20    -1 
-0.13  2.93     1 
 0.06 -2.54    -1 
-0.52  1.63     1 
 3.18  1.85    -1 
 0.35  2.15     1 
 3.08  0.42    -1 
 1.00  3.16     1 
 3.07  0.47    -1 
-0.34  2.44     1 
 1.34 -1.03    -1 
 2.12  4.51     1 
 2.16  0.39    -1 
 0.79  2.36     1 
 3.36  2.42    -1 
 0.02  2.29     1 
 2.68  0.15    -1 
 0.82  2.53     1 
 2.70  0.90    -1 
-0.19  1.80     1 
 1.82  0.19    -1 
-0.17  1.79     1 
 3.15  1.29    -1 
 1.08  2.99     1 
 0.53 -0.48    -1 
-0.61  0.44     1 
 1.40 -0.30    -1 
-0.36  1.36     1 
 0.18 -1.10    -1 
 1.31  4.01     1 
 2.78  0.13    -1 
 0.30  2.63     1 
 2.83  1.79    -1 
 0.87  3.79     1 
 1.92 -0.31    -1 
-0.74  0.97     1 
 1.40  0.14    -1 
 1.23  1.96     1 
 1.24 -0.68    -1 
-0.69  1.23     1 
 0.53 -0.90    -1 
-0.08  2.10     1 
 2.27 -0.27    -1 
-1.13  2.03     1 
 2.08 -0.75    -1 
 0.47  2.12     1 
 3.41  1.55    -1 
-0.30  1.29     1 
 1.59 -0.26    -1 
-0.79  2.27     1 
 1.02 -1.83    -1 
