-1.35  1.85     1 
 0.78 -1.30    -1 
-1.76  0.77     1 
 1.71  0.24    -1 
 0.95  2.69     1 
 0.82 -0.57    -1 
 0.01  1.90     1 
 2.46  0.37    -1 
-0.06  1.91     1 
 1.81 -0.34    -1 
 0.15  2.42     1 
 1.84 -0.63    -1 
-0.40  1.33     1 
 2.70  1.13    -1 
 0.93  2.74     1 
 2.65 -0.18    -1 
-0.03  1.94     1 
 0.94 -0.47    -1 
-0.46  0.97     1 
 3.56  2.17    -1 
-0.29  2.81     1 
 3.37  0.22    -1 
 0.24  2.54     1 
 1.95 -0.06    -1 
 1.29  3.18     1 
 1.22 -1.04    -1 
-0.92  1.21     1 
 2.14  0.02    -1 
-1.70  0.75     1 
 1.96  1.01    -1 
-1.28  0.99     1 
 1.63 -0.66    -1 
 0.27  3.28     1 
 2.12 -0.37    -1 
 0.05  1.77     1 
 2.69  1.15    -1 
 1.11  2.60     1 
 3.29  1.20    -1 
 1.29  3.35     1 
 1.67 -0.39    -1 
-0.20  1.84     1 
 2.04 -0.99    -1 
-0.93  2.04     1 
 0.47 -0.24    -1 
-1.12  0.44     1 
 0.28 -1.47    -1 
-0.35  2.37     1 
 2.83  0.87    -1 
-1.71  1.87     1 
 2.56  0.20    -1 
-0.13  2.93     1 
 0.06 -2.54    -1 
-0.52  1.63     1 
 3.18  1.85    -1 
 0.35  2.15     1 
 3.08  0.42    -1 
 1.00  3.16     1 
 3.07  0.47    -1 
-0.34  2.44     1 
 1.34 -1.03    -1 
