 0.88  2.45     1 
 1.23 -1.04    -1 
-0.34  0.34     1 
 2.39  0.53    -1 
 0.44  1.67     1 
 2.09 -0.46    -1 
 0.42  2.23     1 
 0.66 -1.75    -1 
 0.23  2.63     1 
 0.14 -0.88    -1 
-0.39  2.32     1 
 1.68 -0.31    -1 
-0.70  1.61     1 
 0.88 -2.01    -1 
 0.19  2.40     1 
 1.60 -0.71    -1 
-0.86  1.46     1 
 1.60 -0.47    -1 
 0.71  2.05     1 
 2.77  1.46    -1 
-0.56  2.18     1 
 1.83  0.22    -1 
-0.43  3.02     1 
 2.46  0.29    -1 
-0.44  1.99     1 
 1.00  0.71    -1 
-0.24  2.56     1 
 1.10 -0.34    -1 
-0.87  2.03     1 
 2.43  0.79    -1 
-0.41  1.90     1 
 2.15  0.32    -1 
 1.25  2.28     1 
 2.53  0.45    -1 
 0.41  2.04     1 
 2.10 -0.64    -1 
 1.21  4.14     1 
 2.52  0.26    -1 
-0.23  2.20     1 
 2.69 -1.75    -1 
 1.02  3.50     1 
 0.42 -1.46    -1 
-1.38  1.15     1 
 1.72 -0.60    -1 
 1.60  3.10     1 
 0.94 -1.41    -1 
-0.91  1.15     1 
 0.70 -0.89    -1 
-0.88  1.17     1 
 2.02 -0.31    -1 
-1.21  0.73     1 
 2.94  0.50    -1 
 0.96  2.68     1 
-0.25 -1.81    -1 
-0.88  1.13     1 
 1.87 -0.60    -1 
-0.88  2.01     1 
 2.68  0.64    -1 
-1.57 -0.17     1 
 2.92  0.50    -1 
-0.46  2.95     1 
 2.40  1.10    -1 
 0.36  2.09     1 
 1.92 -0.18    -1 
 0.49  3.03     1 
 1.66 -0.39    -1 
 1.18  3.76     1 
 1.47 -1.10    -1 
-0.46  0.84     1 
 2.61  0.88    -1 
 1.00  2.74     1 
 0.82 -1.54    -1 
-1.09  1.32     1 
 2.51  0.36    -1 
-0.06  1.77     1 
 3.07  0.24    -1 
-0.35  2.76     1 
 2.09 -0.62    -1 
-0.51  1.25     1 
 1.56 -0.43    -1 
 0.40  2.17     1 
 2.99  0.96    -1 
-0.45  1.04     1 
 2.90  1.05    -1 
-0.19  2.11     1 
 2.15  0.02    -1 
 1.53  3.76     1 
 1.78 -0.09    -1 
-1.97  0.03     1 
 2.36  0.19    -1 
-1.06  0.32     1 
 3.52  0.33    -1 
-0.48  2.00     1 
 1.76 -0.05    -1 
-1.65  1.08     1 
 3.15  1.61    -1 
-0.36  2.40     1 
 2.58 -0.11    -1 
-2.26  0.33     1 
 3.78  2.62    -1 
 2.55  5.39     1 
 1.98  0.78    -1 
 1.42  2.99     1 
 2.99  0.15    -1 
 0.28  1.95     1 
 0.77 -0.39    -1 
 1.04  2.91     1 
 2.11 -0.46    -1 
 0.50  2.85     1 
 2.53 -0.19    -1 
-1.25  1.06     1 
 2.12  0.46    -1 
 0.03  2.82     1 
 0.92 -1.31    -1 
-0.50  1.45     1 
 0.69 -0.57    -1 
 0.06  2.37     1 
 2.55  0.58    -1 
 0.42  2.78     1 
 1.40 -0.03    -1 
 1.17  2.41     1 
 3.39  0.92    -1 
 0.84  3.62     1 
 3.39  1.19    -1 
 0.16  2.76     1 
 2.76  0.18    -1 
 0.36  3.50     1 
 2.19  0.07    -1 
-0.91  1.48     1 
 0.09 -0.83    -1 
 0.42  2.20     1 
 0.95 -0.89    -1 
 1.30  4.88     1 
 2.78  0.76    -1 
-0.23  2.49     1 
 1.73 -0.39    -1 
-0.24  1.80     1 
 0.79 -0.91    -1 
 0.35  1.60     1 
 3.73  0.41    -1 
-0.50  1.44     1 
 1.80 -0.46    -1 
-0.52  2.68     1 
 1.22 -0.50    -1 
-0.77  1.37     1 
 2.22 -0.14    -1 
-0.08  1.88     1 
 1.97 -0.01    -1 
 0.82  2.99     1 
 2.76 -0.20    -1 
 0.57  3.14     1 
 2.31 -0.31    -1 
-0.49  2.39     1 
 2.52  0.82    -1 
-0.46  1.34     1 
 2.85  0.28    -1 
 0.72  2.44     1 
 3.22  1.09    -1 
-1.37  1.06     1 
 0.26 -2.34    -1 
 1.60  3.66     1 
 2.95 -0.45    -1 
-0.82  0.51     1 
 1.76  0.81    -1 
-0.36  1.95     1 
 1.46 -1.27    -1 
-0.74  1.91     1 
 0.95 -0.87    -1 
-0.09  2.98     1 
 1.39  0.00    -1 
 0.12  2.09     1 
 0.89 -1.61    -1 
 0.28  2.07     1 
 2.83  0.69    -1 
-0.85  1.92     1 
 1.78 -0.28    -1 
-0.68  1.92     1 
 2.73  1.27    -1 
 1.16  2.96     1 
 1.18  0.85    -1 
 1.61  3.62     1 
 1.47  0.50    -1 
-0.80  1.77     1 
 1.86  0.69    -1 
 0.87  3.31     1 
 2.29 -0.63    -1 
-0.46  2.83     1 
 1.66 -0.94    -1 
 0.63  1.86     1 
 1.67 -0.17    -1 
-0.14  1.96     1 
 0.53 -1.02    -1 
 0.28  3.12     1 
 1.20 -0.93    -1 
-0.38  1.92     1 
 1.23 -0.87    -1 
 0.48  2.13     1 
 1.32 -0.60    -1 
 0.43  2.13     1 
 1.66 -0.06    -1 
